0 0 0 0 0 0 0 0 0 0 0 0 0 0 0 0 0 0 0 0 0 0 0 0 0 0 0 0 0 0 0 0 0 0 0 0 0 0 0 0 0 0 0 0 0 0 0 0 0 0 0 0 0 0 0 0 0
0 0 0 0 0 0 0 0 0 0 0 0 0 0 0 0 0 0 0 0 0 0 0 0 0 0 0 0 0 0 0 0 0 0 0 0 0 0 0 0 0 0 0 0 0 0 0 0 0 0 0 0 0 0 0 0 0
0 0 0 0 0 0 0 0 0 0 0 0 0 0 0 0 0 0 0 0 0 0 0 0 0 0 0 0 0 0 0 0 0 0 0 0 0 0 0 0 0 0 0 0 0 0 0 0 0 0 0 0 0 0 0 0 0
0 0 0 0 0 0 0 0 0 0 0 1 1 1 1 1 1 1 1 1 1 1 2 2 2 2 2 2 2 2 2 3 3 3 3 4 4 4 4 4 5 5 6 6 7 7 7 8 8 12 16 18 20 0 0 0 0
1 1 1 1 1 1 2 2 3 3 3 3 4 4 4 4 4 4 4 4 5 5 5 6 6 6 6 7 7 7 8 8 8 9 9 10 10 10 11 11 11 12 12 13 16 18 20 20 21 21 22 24 25 0 0 0 0
5 4 3 3 4 5 5 6 6 6 6 7 7 8 8 8 9 9 11 11 11 12 12 12 13 13 14 14 14 15 15 15 15 16 17 17 17 17 17 19 19 20 20 20 20 24 24 25 27 29 32 39 39 0 0 0 0
6 5 5 5 5 6 7 9 9 10 11 11 11 12 13 13 13 14 14 14 15 16 16 16 17 18 18 18 18 18 19 19 20 20 21 21 23 24 24 25 25 26 26 27 27 28 30 30 33 34 39 43 54 0 0 0 0
9 8 7 7 8 9 10 11 12 12 14 14 15 15 15 16 16 19 20 20 20 21 22 22 22 23 23 23 24 24 24 24 25 26 26 26 26 27 28 30 32 32 32 33 34 39 39 40 42 43 44 46 55 0 0 0 0
12 9 8 8 9 12 13 14 15 16 18 20 21 21 23 23 23 24 24 24 25 25 26 26 26 26 26 26 28 28 28 28 29 31 32 32 33 34 34 35 36 36 36 39 39 39 41 42 43 47 47 57 64 0 0 0 0
15 15 14 14 15 15 16 17 18 22 24 25 26 26 27 27 27 27 28 28 29 29 30 30 31 32 33 33 33 33 34 34 34 36 36 37 38 38 39 41 42 43 43 45 46 48 48 49 50 53 58 61 64 0 0 0 0
21 18 18 18 18 21 25 26 27 28 29 29 30 31 32 32 33 33 33 33 34 34 34 35 36 37 37 37 37 38 40 41 42 43 43 44 44 45 46 46 48 48 49 49 50 50 52 54 54 61 63 66 76 0 0 0 0
28 25 22 22 25 28 30 32 32 32 33 33 33 34 34 35 36 37 38 39 42 42 43 43 43 43 45 45 45 46 48 49 51 52 53 54 55 55 56 56 57 57 59 59 60 61 61 62 63 67 72 74 91 0 0 0 0
31 28 22 22 28 31 32 33 35 39 39 39 39 40 42 42 43 44 44 44 46 46 46 47 48 49 49 50 52 52 52 54 55 56 56 56 56 57 57 58 62 62 63 63 67 67 68 69 72 73 77 86 93 0 0 0 0
38 34 25 25 34 38 39 41 41 41 42 45 46 46 47 48 48 48 48 49 50 52 53 53 53 53 54 54 55 57 57 59 60 61 62 63 64 65 66 66 67 68 69 69 69 69 73 74 75 78 87 93 94 0 0 0 0
42 37 30 30 37 42 44 45 48 49 49 49 51 51 51 51 52 55 55 56 57 57 57 58 59 59 59 60 63 63 63 64 66 66 67 68 68 70 70 71 71 72 73 73 76 76 76 78 80 84 87 97 110 0 0 0 0
45 44 30 30 44 45 51 51 51 51 52 52 53 53 55 55 55 57 57 59 59 59 60 60 60 61 63 63 66 67 69 70 71 71 72 72 73 73 75 75 76 76 79 79 81 82 82 83 83 85 88 97 114 0 0 0 0
52 49 34 34 49 52 52 53 53 54 56 60 61 61 61 61 62 62 63 63 64 65 66 66 66 67 70 70 71 71 72 74 74 76 77 77 78 78 80 81 82 82 83 83 85 86 86 86 88 89 90 101 116 0 0 0 0
54 51 37 37 51 54 56 56 61 61 62 63 64 65 65 66 66 66 66 68 70 71 71 72 72 72 74 74 74 76 77 77 78 78 80 83 84 84 85 85 86 86 87 88 89 90 91 91 91 92 96 105 117 0 0 0 0
58 54 38 38 54 58 59 64 65 66 67 67 67 68 68 69 71 71 71 72 72 73 73 74 76 77 77 78 78 79 80 81 81 85 85 85 87 89 89 90 91 92 92 92 93 94 94 95 101 101 104 111 117 0 0 0 0
67 61 38 38 61 67 67 67 67 69 71 71 71 71 71 74 75 75 75 75 78 78 78 79 80 80 80 81 82 82 84 85 85 90 90 91 93 93 94 95 96 96 96 98 99 101 101 103 104 106 110 113 118 0 0 0 0
69 68 39 39 68 69 69 71 72 72 73 73 74 75 76 76 77 80 81 84 84 86 87 87 87 87 87 89 91 91 92 93 94 95 97 97 98 99 99 101 102 102 103 106 109 110 112 113 113 114 114 116 123 0 0 0 0
73 70 41 41 70 73 73 76 77 78 78 80 82 82 82 85 85 86 86 87 87 89 90 92 92 93 93 95 95 99 99 99 100 100 100 101 102 103 104 105 108 111 111 112 113 115 116 117 117 118 119 119 125 0 0 0 0
75 74 48 48 74 75 77 79 81 84 84 85 86 87 89 89 89 90 91 91 91 92 94 95 95 96 96 97 100 101 102 102 104 104 105 105 105 107 109 109 112 114 116 116 117 118 120 122 123 126 127 131 133 0 0 0 0
82 78 52 52 78 82 82 85 87 88 88 88 89 91 92 92 92 93 94 95 95 96 97 97 98 99 103 104 104 105 106 106 107 108 109 112 112 112 113 114 115 117 118 120 123 123 127 127 132 133 134 136 137 0 0 0 0
83 83 60 60 83 83 84 86 89 89 91 92 93 95 96 96 97 98 100 100 101 102 105 105 106 107 107 107 107 107 108 109 109 112 113 113 114 118 119 120 123 123 124 128 131 132 133 133 134 134 135 136 150 0 0 0 0
85 85 67 67 85 85 86 91 92 95 96 97 98 100 101 102 103 103 104 106 106 107 107 109 110 110 110 111 111 112 114 116 116 118 118 119 119 123 124 124 124 125 127 129 133 135 136 136 136 138 140 141 157 0 0 0 0
90 86 74 74 86 90 92 93 97 98 101 103 104 104 106 107 107 108 109 110 111 112 112 113 114 114 114 114 116 117 121 122 123 123 124 124 125 127 130 131 132 133 133 136 137 137 139 139 145 146 147 159 161 0 0 0 0
94 88 78 78 88 94 97 98 98 102 106 107 108 110 110 111 112 113 113 114 114 117 118 118 119 119 120 120 121 123 124 124 127 128 129 129 130 131 132 133 134 138 139 139 139 140 140 146 146 147 152 165 172 0 0 0 0
100 97 82 82 97 100 100 104 107 108 110 111 112 116 118 118 119 119 120 120 121 123 123 123 123 124 125 125 125 126 127 130 130 131 131 132 132 136 136 138 141 141 142 146 147 148 148 151 152 152 157 169 173 0 0 0 0
107 104 85 85 104 107 108 109 110 111 111 113 120 122 123 124 124 125 125 125 125 126 126 127 127 128 129 130 131 133 134 134 135 135 136 137 140 141 141 142 145 146 148 151 154 155 155 157 158 158 162 170 178 0 0 0 0
111 105 90 90 105 111 112 114 116 123 124 124 126 126 126 127 127 128 129 130 130 133 134 134 135 135 136 139 139 140 141 141 142 142 142 143 144 145 145 146 147 150 151 155 159 161 161 163 164 168 169 175 186 0 0 0 0
114 112 100 100 112 114 118 119 124 127 128 129 130 132 132 133 134 135 135 136 136 136 136 137 137 142 142 142 142 142 144 144 144 145 145 146 146 147 150 150 152 154 156 160 162 163 164 165 169 170 171 178 194 0 0 0 0
116 115 104 104 115 116 125 126 128 129 130 131 132 134 136 137 137 143 143 143 145 145 146 146 147 147 148 149 150 151 151 151 151 152 153 153 154 155 156 157 158 158 160 161 165 168 170 170 172 174 178 179 196 0 0 0 0
123 120 110 110 120 123 129 130 131 138 139 139 140 146 147 147 147 147 147 147 150 150 151 151 151 151 151 153 153 154 154 154 156 156 157 158 158 159 159 160 161 165 166 170 171 171 172 174 174 179 189 189 196 0 0 0 0
126 125 112 112 125 126 130 136 138 138 143 143 148 148 149 152 152 152 153 153 153 154 156 156 157 157 157 158 158 161 161 161 162 163 163 164 165 166 167 168 169 171 172 173 173 173 175 176 177 180 189 190 199 0 0 0 0
137 133 120 120 133 137 139 140 141 151 151 153 154 154 156 156 157 157 158 159 161 162 162 163 164 164 165 165 167 167 168 170 171 171 171 171 172 173 173 174 174 175 176 177 179 179 183 183 185 186 190 199 200 0 0 0 0
141 138 128 128 138 141 144 144 148 152 155 157 157 158 158 159 160 162 162 164 165 165 167 167 167 168 168 169 170 171 172 173 173 174 176 176 177 177 178 178 179 180 181 182 184 184 185 186 189 191 193 203 207 0 0 0 0
149 142 132 132 142 149 150 150 153 154 157 162 163 163 164 166 166 166 167 168 169 169 171 173 174 174 174 175 175 177 177 178 178 178 180 181 182 183 183 183 183 184 186 186 187 187 188 188 192 197 202 208 209 0 0 0 0
150 149 144 144 149 150 152 154 160 162 163 163 166 167 167 168 169 169 170 171 174 175 175 175 176 176 178 179 179 181 183 185 185 185 187 187 187 188 188 189 189 191 193 193 193 194 194 199 201 204 210 210 210 0 0 0 0
152 150 149 149 150 152 155 162 165 165 165 169 169 169 171 172 173 175 176 176 176 177 177 178 180 181 181 182 184 186 187 188 189 189 189 190 191 192 192 193 193 194 194 199 199 201 202 203 205 210 212 212 213 0 0 0 0
166 156 150 150 156 166 167 170 170 171 171 172 173 175 176 178 178 179 179 179 179 181 181 186 187 188 188 189 190 191 191 193 193 193 193 194 195 195 196 196 196 197 204 205 206 208 209 212 212 213 214 214 216 0 0 0 0
169 168 161 161 168 169 173 173 174 175 178 179 182 185 185 185 185 187 188 188 189 190 190 191 193 194 195 196 196 196 197 197 197 198 198 199 199 202 205 206 206 206 207 208 209 210 211 212 214 216 217 218 227 0 0 0 0
173 172 166 166 172 173 174 178 178 179 179 184 185 187 189 189 191 192 194 194 195 196 198 198 198 198 199 200 200 200 201 201 202 202 202 203 207 208 208 210 211 212 212 213 213 213 214 215 218 221 223 224 229 0 0 0 0
181 177 166 166 177 181 182 183 184 186 190 191 192 193 193 193 195 198 199 199 200 200 201 202 202 204 205 206 206 207 208 209 209 209 210 212 212 214 215 217 217 218 218 219 219 220 220 222 223 226 229 229 229 0 0 0 0
184 177 176 176 177 184 184 191 191 193 197 197 197 200 200 201 201 201 202 202 202 203 203 204 204 206 207 208 208 209 210 211 212 213 216 217 218 219 221 221 221 222 223 224 224 225 225 227 228 230 232 234 235 0 0 0 0
189 189 186 186 189 189 192 192 195 195 202 202 203 203 204 205 206 206 207 208 209 209 210 210 211 211 212 212 212 213 217 217 218 220 221 221 221 222 223 224 226 226 226 228 229 230 231 233 233 237 238 239 240 0 0 0 0
197 194 192 192 194 197 198 199 203 205 206 206 209 209 210 211 211 213 213 213 214 214 214 214 215 216 216 219 221 221 222 223 225 226 227 227 228 228 228 229 230 231 231 232 236 236 238 238 239 240 240 240 241 0 0 0 0
199 198 194 194 198 199 200 205 213 213 214 214 216 216 217 217 218 218 219 219 220 220 220 222 223 224 225 225 226 227 228 229 229 230 230 232 233 234 234 235 236 236 237 239 239 239 240 240 241 242 245 245 247 0 0 0 0
205 203 200 200 203 205 212 214 218 219 219 223 224 224 225 226 227 228 229 230 230 230 230 231 231 232 232 232 233 233 234 234 235 236 236 237 238 238 238 239 239 241 241 242 243 243 243 244 245 245 245 245 249 0 0 0 0
218 217 205 205 217 218 222 223 224 225 226 226 227 228 229 230 230 231 231 231 231 233 233 233 233 233 234 235 236 237 237 238 238 238 238 240 240 242 242 243 244 244 244 245 245 245 245 246 246 247 248 250 250 0 0 0 0
229 223 218 218 223 229 229 231 231 231 231 232 232 233 233 234 235 235 235 236 236 236 237 237 238 238 239 239 240 240 240 241 242 243 244 245 245 245 246 246 246 246 247 248 248 249 249 249 251 251 251 253 253 0 0 0 0
230 228 224 224 228 230 232 235 235 237 239 239 239 239 241 241 241 241 242 242 242 242 243 245 247 247 247 247 248 248 248 248 249 249 249 249 250 251 251 251 251 252 252 252 252 253 253 253 253 254 254 255 255 0 0 0 0
240 239 238 238 239 240 243 243 243 244 244 246 246 246 249 249 249 250 250 250 250 250 251 252 252 252 252 252 252 252 253 253 253 253 253 253 253 254 254 254 254 254 254 254 254 255 255 255 255 255 255 255 255 0 0 0 0
0 0 0 0 0 0 0 0 0 0 0 0 0 0 0 0 0 0 0 0 0 0 0 0 0 0 0 0 0 0 0 0 0 0 0 0 0 0 0 0 0 0 0 0 0 0 0 0 0 0 0 0 0 0 0 0 0
0 0 0 0 0 0 0 0 0 0 0 0 0 0 0 0 0 0 0 0 0 0 0 0 0 0 0 0 0 0 0 0 0 0 0 0 0 0 0 0 0 0 0 0 0 0 0 0 0 0 0 0 0 0 0 0 0
0 0 0 0 0 0 0 0 0 0 0 0 0 0 0 0 0 0 0 0 0 0 0 0 0 0 0 0 0 0 0 0 0 0 0 0 0 0 0 0 0 0 0 0 0 0 0 0 0 0 0 0 0 0 0 0 0
0 0 0 0 0 0 0 0 0 0 0 0 0 0 0 0 0 0 0 0 0 0 0 0 0 0 0 0 0 0 0 0 0 0 0 0 0 0 0 0 0 0 0 0 0 0 0 0 0 0 0 0 0 0 0 0 0
